  
  
1.000009164325589 0.01770120034320935 0.006488730208422608
1.000009164325589 0.5579552160208905 0.9307159617603257
1.000009164325589 0.5594306488846011 0.9318703618199217
  
  
2.000012528666982 0.05297390799700367 0.03986133767007107
2.000012528666982 -0.3241211486587351 1.188665365635512
2.000012528666982 -0.3223660689460804 1.190078236102381
  
  
3.000009452562324 0.08111006360150758 0.09854958558680485
3.000009452562324 -1.027254204917162 0.8141948559431761
3.000009452562324 -1.025791918560573 0.8153492951969823
  
  
4.000002432176232 0.0906070084203464 0.1697947218424442
4.000002432176232 -1.264242135686036 0.1259212588857908
4.000002432176232 -1.263250865223076 0.1266838288335932
  
  
5.000005366456109 0.07875302544296961 0.240331476491671
5.000005366456109 -0.9681532637329263 -0.5452638452702779
5.000005366456109 -0.9668801527484244 -0.5442099849195395
  
  
6.00000927562692 0.04892273999459156 0.2967725071769012
6.00000927562692 -0.2224355757285335 -0.863801831345766
6.00000927562692 -0.2211198180333389 -0.8627301442796667
  
  
7.000004535727294 0.01411351304128474 0.3266254700761309
7.000004535727294 0.6480054280100614 -0.5174766150789621
7.000004535727294 0.6490938020259986 -0.5165719194596979
  
  
8.000008170161802 0.0002829080967770781 0.3311551305337627
8.000008170161802 0.9937321171718322 0.4617803197648227
8.000008170161802 0.9948620419460891 0.4626909876424828
  
  
9.000000154939721 0.02157179411119888 0.3400037776378914
9.000000154939721 0.4616430270296354 1.333143519004073
9.000000154939721 0.4626291029189593 1.333958907455327
  
  
10.00000207980291 0.05704531372636796 0.3768957876189993
10.00000207980291 -0.4248783205216449 1.50358767013211
10.00000207980291 -0.424234561202414 1.504141115076503
  
  
11.00000362279736 0.0833334056402303 0.4377940104124352
11.00000362279736 -1.082122315290974 1.073650749106663
11.00000362279736 -1.081433478216334 1.074185855579482
  
  
12.00000053776807 0.09030678736428505 0.5096433819517973
12.00000053776807 -1.256242525588811 0.3700363608113069
12.00000053776807 -1.255785399655777 0.3704382017909185
  
  
13.00000029106812 0.07599960454667799 0.5792147300015655
13.00000029106812 -0.8982673482914182 -0.2765009251611457
13.00000029106812 -0.8981297973407816 -0.2763657704414884
  
  
14.00000142890756 0.0446318276796424 0.6330635751108591
14.00000142890756 -0.1144117782876751 -0.5304564767495729
14.00000142890756 -0.1139079012033288 -0.5300665469521361
  
  
15.00000224537241 0.01078787607198236 0.659305547928003
15.00000224537241 0.7316898615979562 -0.09404012476152432
15.00000224537241 0.7321906579333634 -0.09361211974861436
  
  
16.00000018333962 0.001125281914539933 0.6623841729564951
16.00000018333962 0.9732663497453684 0.9215065765668797
16.00000018333962 0.9737545685567007 0.9219188196205084
  
  
17.00000199285164 0.02563802296489899 0.6739583234891293
17.00000199285164 0.360481435536136 1.72469552605809
17.00000199285164 0.3609333169959412 1.725063730286402
  
  
18.00000108268028 0.0609685523782278 0.7142789015560396
18.00000108268028 -0.5227317697742947 1.809218852120735
18.00000108268028 -0.5223339748298043 1.809545140574421
  
  
19.00000005618407 0.08527349918427679 0.7771934049725919
19.00000005618407 -1.130111484468291 1.329035091398842
19.00000005618407 -1.129977425157937 1.329166843489459
  
  
20.00000017814893 0.08969764329261637 0.8494601609655295
20.00000017814893 -1.240734799955441 0.6148500070432446
20.00000017814893 -1.240579429539389 0.6149993999764376
